11
    0         -759068795.8082414865
    1              -3751.5769473715
    2              76164.6584298294
    3            -177115.7257150009
    4             316498.5618063838
    5            -458030.7430569894
    6             544042.1930683529
    7           -1404882.3266604545
    8           17129983.7305582128
    9         -156587694.0461504459
   10          263587640.3432021141
       -0.4724314970    -3458.5074957452    -3458.5074957452        0.0000000000
       -0.3779451980    -3458.5320554928    -3458.5320554930       -0.0000000002
       -0.2834588980    -3458.5496629690    -3458.5496629687        0.0000000003
       -0.1889725990    -3458.5615200169    -3458.5615200162        0.0000000007
       -0.0944862990    -3458.5686526404    -3458.5686526428       -0.0000000024
        0.0000000000    -3458.5719352109    -3458.5719352084        0.0000000025
        0.0944862990    -3458.5721100088    -3458.5721100094       -0.0000000006
        0.1889725990    -3458.5698041041    -3458.5698041043       -0.0000000002
        0.2834588980    -3458.5655442481    -3458.5655442494       -0.0000000013
        0.3779451980    -3458.5597702970    -3458.5597702943        0.0000000027
        0.4724314970    -3458.5528472606    -3458.5528472627       -0.0000000021
        0.5669177970    -3458.5450765454    -3458.5450765446        0.0000000008
        0.6614040960    -3458.5367070873    -3458.5367070875       -0.0000000002
        0.7558903950    -3458.5279481219    -3458.5279481219        0.0000000000
  Max absolute residual   2.705291990423575E-009
  RMS residual   1.400362409283295E-009
