11
    0         -759075677.9249674082
    1              -3053.1357507962
    2              76481.2180025453
    3            -174967.3487449272
    4             306549.1051111704
    5            -422578.0692177863
    6             595182.3540941878
    7           -3179324.8246075725
    8           16095987.7675318494
    9          -16288214.4246483967
   10         -679173873.2132058144
       -0.3779451980    -3458.5646471409    -3458.5646471410       -0.0000000001
       -0.2834588980    -3458.5819157564    -3458.5819157558        0.0000000006
       -0.1889725990    -3458.5934665810    -3458.5934665824       -0.0000000014
       -0.0944862990    -3458.6003056607    -3458.6003056590        0.0000000017
        0.0000000000    -3458.6032924389    -3458.6032924396       -0.0000000007
        0.0944862990    -3458.6031588785    -3458.6031588796       -0.0000000011
        0.1889725990    -3458.6005252845    -3458.6005252819        0.0000000026
        0.2834588980    -3458.5959141010    -3458.5959141043       -0.0000000033
        0.3779451980    -3458.5897625156    -3458.5897625126        0.0000000030
        0.4724314970    -3458.5824341949    -3458.5824341968       -0.0000000019
        0.5669177970    -3458.5742309952    -3458.5742309944        0.0000000008
        0.6614040960    -3458.5654053843    -3458.5654053845       -0.0000000002
        0.7558903950    -3458.5561760889    -3458.5561760889        0.0000000000
  Max absolute residual   3.310560714453459E-009
  RMS residual   1.711098073730572E-009
