84
    0    0    0         -714052353.9491872787
    0    0    1                 -0.1779630711
    0    0    2                  1.1592841900
    0    0    3                  0.0078954389
    0    0    4                  0.0002802729
    0    0    5                  0.0000587021
    0    0    6                  0.0000038840
    0    1    0                  1.7827868853
    0    1    1                 -0.8524545267
    0    1    2                 -1.0751990841
    0    1    3                 -0.0523200073
    0    1    4                 -0.0048626656
    0    1    5                 -0.0001449577
    0    2    0             126529.8456440730
    0    2    1                  2.0440862852
    0    2    2                 -0.6528979564
    0    2    3                 -0.0795185088
    0    2    4                 -0.0036223140
    0    3    0            -461622.6554308959
    0    3    1                 -2.9392209543
    0    3    2                 -0.5885672433
    0    3    3                 -0.0084551916
    0    4    0            1538323.7676877095
    0    4    1                -91.5840018196
    0    4    2                 -2.5732308016
    0    5    0           -5474346.9930825643
    0    5    1                 61.4335402888
    0    6    0           16568702.5128692780
    1    0    0                 74.7845885626
    1    0    1                 -0.0718343297
    1    0    2                 -2.7410559289
    1    0    3                  0.0344360581
    1    0    4                  0.0073995447
    1    0    5                  0.0002267250
    1    1    0               1449.6235731651
    1    1    1                 -5.1539888778
    1    1    2                 -1.4241863987
    1    1    3                 -0.0804336727
    1    1    4                 -0.0016437690
    1    2    0                 -3.0882960151
    1    2    1                -18.5937730486
    1    2    2                 -2.7639643630
    1    2    3                 -0.0981962716
    1    3    0              -4736.5871260369
    1    3    1                 34.5075344352
    1    3    2                  3.1465898205
    1    4    0                132.6052951730
    1    4    1               -285.8391826237
    1    5    0              49909.0850582463
    2    0    0              37907.5174720569
    2    0    1                  2.7554991167
    2    0    2                  2.3498861210
    2    0    3                  0.1379715408
    2    0    4                  0.0036612429
    2    1    0              -4119.4775872390
    2    1    1                 -5.3433573838
    2    1    2                  0.4077948989
    2    1    3                 -0.0007578651
    2    2    0              -2339.5755695855
    2    2    1                -52.1510130274
    2    2    2                 -2.3359611716
    2    3    0               7743.6490746811
    2    3    1                243.9363524737
    2    4    0             -25072.8668763020
    3    0    0             -85442.6794841607
    3    0    1                 33.0521858283
    3    0    2                  5.9404526559
    3    0    3                  0.1486209517
    3    1    0               6788.1931152609
    3    1    1                 10.4297006716
    3    1    2                 -0.3269368955
    3    2    0               3797.2751859000
    3    2    1               -153.3341204659
    3    3    0              16756.4253942086
    4    0    0             159070.9799672872
    4    0    1                308.2083496060
    4    0    2                  2.0207604230
    4    1    0             -11659.5838396282
    4    1    1                 45.7863341478
    4    2    0             -24626.1493530252
    5    0    0            -248847.7601317878
    5    0    1               -507.7058099503
    5    1    0              32314.0957604247
    6    0    0             271649.2861506335
