84
    0    0    0         -714052353.8903237581
    0    0    1                 -0.1601248130
    0    0    2                  1.3401163476
    0    0    3                  0.0063756037
    0    0    4                  0.0000348638
    0    0    5                  0.0000432659
    0    0    6                  0.0000033300
    0    1    0                  0.2944613782
    0    1    1                 -0.8364664994
    0    1    2                 -0.9686263626
    0    1    3                 -0.0455948279
    0    1    4                 -0.0042985995
    0    1    5                 -0.0001330741
    0    2    0             126522.7355152286
    0    2    1                  0.4449709783
    0    2    2                 -0.5367140307
    0    2    3                 -0.0597141689
    0    2    4                 -0.0026346102
    0    3    0            -461441.1487792068
    0    3    1                 -6.7542181191
    0    3    2                 -2.0037461186
    0    3    3                 -0.0714895425
    0    4    0            1537612.7448095966
    0    4    1                 -3.2885084787
    0    4    2                  1.9783938016
    0    5    0           -5481224.7866460597
    0    5    1               -348.3654771762
    0    6    0           16611412.6066840403
    1    0    0                 75.8470557607
    1    0    1                  0.1225914009
    1    0    2                 -2.8331932096
    1    0    3                  0.0357402569
    1    0    4                  0.0071749957
    1    0    5                  0.0002134880
    1    1    0               1446.0069439798
    1    1    1                 -4.1332651829
    1    1    2                 -1.2963444743
    1    1    3                 -0.0658826793
    1    1    4                 -0.0015312220
    1    2    0                -76.7558168732
    1    2    1                -17.1544089338
    1    2    2                 -2.0099317677
    1    2    3                 -0.0526512803
    1    3    0              -4472.6973342031
    1    3    1                -30.9580105470
    1    3    2                 -0.3184310463
    1    4    0               4598.0884759983
    1    4    1                 -0.7272178952
    1    5    0              18720.8277277837
    2    0    0              37914.1365100231
    2    0    1                  2.2307634860
    2    0    2                  2.3434981687
    2    0    3                  0.1217584914
    2    0    4                  0.0031266774
    2    1    0              -4077.2285064926
    2    1    1                  0.4677005546
    2    1    2                  0.7352316372
    2    1    3                 -0.0104958007
    2    2    0              -2531.8583335149
    2    2    1                -12.8427593129
    2    2    2                  0.2434641655
    2    3    0               4294.7016507137
    2    3    1                 15.8191683491
    2    4    0              -1328.9559498484
    3    0    0             -85464.4281561334
    3    0    1                 26.1301261480
    3    0    2                  5.0527581266
    3    0    3                  0.1297076835
    3    1    0               7152.5194185665
    3    1    1                 12.6429995411
    3    1    2                 -1.4501796375
    3    2    0               5965.1609056761
    3    2    1                 21.3808648852
    3    3    0              -1992.6900915240
    4    0    0             158502.6365776951
    4    0    1                273.0140795836
    4    0    2                  1.8792024805
    4    1    0             -12225.7313515467
    4    1    1                -67.3257736296
    4    2    0              -9659.6566010729
    5    0    0            -249400.3442203624
    5    0    1               -425.9599035093
    5    1    0              19472.5295402122
    6    0    0             286380.6229772614
